**************************************************
           Output from program MigEst
**************************************************


Input file: MigEst.in
Analysis conducted: 25/09/2018  at 33/32/18

Maximum Log Likelihood:     -4.767256E+02

Candidate parent sampling proportions: ML estimates
  Pop     Males   Females
    1    0.1299    0.3898
    2    0.0001    0.0001
    3    0.0001    0.0001
    4    0.0001    0.0001
    5    0.0001    0.0001
    6    0.0001    0.0580
    7    0.0001    0.9217
    8    0.1288    0.0805
    9    0.2436    0.2707
   10    0.0322    0.0322
   11    0.0001    0.0001
   12    0.0981    0.0491
   13    0.0523    0.0436
   14    0.0001    0.0001
   15    0.0001    0.0001
   16    0.9705    0.0001
   17    0.1351    0.0675
   18    0.0487    0.0399

Immigration rates to pop I (Row) from pop J (Col): ML estimates
  Pop    Pop1    Pop2    Pop3    Pop4    Pop5    Pop6    Pop7    Pop8    Pop9   Pop10   Pop11   Pop12   Pop13   Pop14   Pop15   Pop16   Pop17   Pop18   Ghost
    1  0.0949  0.0001  0.0002  0.0001  0.0001  0.0001  0.0001  0.2385  0.1080  0.0001  0.0001  0.0001  0.0001  0.0001  0.0001  0.0001  0.0001  0.5670  0.0000
    2  0.0001  0.0001  0.0001  0.0001  0.0002  0.0001  0.0001  0.0001  0.0001  0.0001  0.0001  0.0001  0.0001  0.0001  0.0001  0.0001  0.0001  0.0001  0.9981
    3  0.0001  0.0001  0.0001  0.0001  0.0001  0.0001  0.0001  0.0001  0.0001  0.0001  0.0002  0.0001  0.0001  0.0001  0.0001  0.0001  0.0001  0.0001  0.9981
    4  0.0001  0.0001  0.0002  0.0001  0.0001  0.0001  0.0001  0.0001  0.2045  0.0001  0.0001  0.0008  0.0001  0.0002  0.0002  0.0001  0.0001  0.6484  0.1444
    5  0.0001  0.0001  0.0002  0.0001  0.0001  0.0001  0.0001  0.0001  0.0001  0.0001  0.0001  0.0001  0.0001  0.0001  0.0001  0.0001  0.0001  0.0001  0.9981
    6  0.0001  0.0002  0.0002  0.0001  0.0001  0.0001  0.0001  0.0001  0.0001  0.0001  0.0001  0.0001  0.5754  0.0001  0.0001  0.0001  0.0001  0.0001  0.4227
    7  0.0001  0.0001  0.0001  0.0001  0.0001  0.0001  0.0001  0.0001  0.0001  0.0001  0.0001  0.0001  0.0001  0.0001  0.0002  0.0001  0.0001  0.0001  0.9981
    8  0.0001  0.0001  0.0001  0.0002  0.0001  0.0001  0.0001  0.2365  0.0560  0.2866  0.0001  0.0001  0.0001  0.0001  0.0001  0.0094  0.0001  0.2580  0.1521
    9  0.0121  0.0002  0.0001  0.0001  0.0001  0.0001  0.0001  0.1660  0.2258  0.0001  0.0002  0.0001  0.2839  0.0007  0.0001  0.0125  0.0447  0.1809  0.0722
   10  0.1296  0.0001  0.0001  0.0001  0.0001  0.0001  0.0001  0.0001  0.0001  0.0001  0.0001  0.1598  0.0001  0.0001  0.0001  0.0001  0.0001  0.7091  0.0000
   11  0.1183  0.0001  0.0001  0.0001  0.0001  0.0001  0.0001  0.0977  0.1220  0.0001  0.0001  0.0001  0.3928  0.0001  0.0001  0.0001  0.0001  0.2679  0.0000
   12  0.0001  0.0001  0.0001  0.0001  0.0001  0.0001  0.0001  0.0001  0.1214  0.0001  0.0001  0.3646  0.0002  0.0001  0.0002  0.0001  0.0001  0.0001  0.5122
   13  0.0153  0.0001  0.0002  0.0001  0.0001  0.0001  0.0001  0.0001  0.0001  0.0001  0.0001  0.0001  0.3467  0.0001  0.0002  0.0105  0.0001  0.0001  0.6258
   14  0.0001  0.0001  0.0001  0.0001  0.0001  0.0001  0.0001  0.0001  0.0001  0.0001  0.0002  0.0001  0.0002  0.0001  0.0001  0.0001  0.0001  0.0001  0.9980
   15  0.0001  0.0001  0.0001  0.0001  0.0002  0.0001  0.0001  0.0001  0.0001  0.0001  0.0001  0.0001  0.0001  0.0001  0.0001  0.0001  0.0001  0.0001  0.9981
   16  0.0001  0.0001  0.0001  0.0001  0.0001  0.0001  0.0001  0.0001  0.0001  0.0001  0.0001  0.0001  0.0001  0.0002  0.0001  0.0001  0.0001  0.0001  0.9981
   17  0.0001  0.0001  0.0001  0.0001  0.0001  0.0001  0.0001  0.0001  0.3483  0.0001  0.0001  0.0002  0.0001  0.0001  0.0002  0.0001  0.3637  0.0001  0.2862
   18  0.0001  0.0002  0.0001  0.0002  0.0001  0.0838  0.0050  0.0001  0.0508  0.0000  0.0001  0.0209  0.0791  0.0001  0.0002  0.0001  0.0001  0.5120  0.2470

Candidate parent sampling proportions: lower (L) and upper (U) bounds of CI95
  Pop    CI_L(Male)    CI_U(Male)  CI_L(Female)  CI_U(Female)
    1        0.0956        0.5107        0.1557        0.7224
    2        0.0001        0.3091        0.0001        1.0000
    3        0.0001        1.0000        0.0001        1.0000
    4        0.0001        1.0000        0.0001        1.0000
    5        0.0001        1.0000        0.0001        1.0000
    6        0.0001        0.7639        0.0222        1.0000
    7        0.0001        0.5622        0.0001        1.0000
    8        0.0796        0.6614        0.0207        0.8499
    9        0.1504        0.7581        0.0558        0.7539
   10        0.0100        0.8881        0.0001        1.0000
   11        0.0001        1.0000        0.0001        1.0000
   12        0.0277        0.2703        0.0001        0.4542
   13        0.0238        0.7071        0.0060        0.2694
   14        0.0001        1.0000        0.0001        1.0000
   15        0.0001        0.3025        0.0001        1.0000
   16        0.5227        1.0000        0.0001        0.7360
   17        0.0850        1.0000        0.0001        0.2441
   18        0.0087        0.5961        0.0225        0.5205

Immigration rates to pop I (Row) from pop J (Col): lower (L) and upper (U) bounds of CI95

 PopI     CI_L(J=1)     CI_U(J=1)     CI_L(J=2)     CI_U(J=2)     CI_L(J=3)     CI_U(J=3)     CI_L(J=4)     CI_U(J=4)     CI_L(J=5)     CI_U(J=5)     CI_L(J=6)     CI_U(J=6)     CI_L(J=7)     CI_U(J=7)     CI_L(J=8)     CI_U(J=8)     CI_L(J=9)     CI_U(J=9)    CI_L(J=10)    CI_U(J=10)    CI_L(J=11)    CI_U(J=11)    CI_L(J=12)    CI_U(J=12)    CI_L(J=13)    CI_U(J=13)    CI_L(J=14)    CI_U(J=14)    CI_L(J=15)    CI_U(J=15)    CI_L(J=16)    CI_U(J=16)    CI_L(J=17)    CI_U(J=17)    CI_L(J=18)    CI_U(J=18)
    1        0.0364        0.4399        0.0001        0.4885        0.0001        0.1908        0.0001        0.3813        0.0001        0.4713        0.0001        0.3991        0.0001        0.5466        0.1582        0.6164        0.0571        0.4371        0.0001        0.3813        0.0001        0.6923        0.0001        0.7347        0.0001        0.3263        0.0001        0.6169        0.0001        0.7347        0.0001        0.8185        0.0001        0.3085        0.1753        0.7826
    2        0.0001        0.4881        0.0001        0.6898        0.0001        0.3085        0.0001        0.4885        0.0001        0.3542        0.0001        0.9981        0.0001        0.9981        0.0001        0.9981        0.0001        0.9981        0.0001        0.9981        0.0001        0.9981        0.0001        0.9981        0.0001        0.8075        0.0001        0.5097        0.0001        0.8803        0.0001        0.9981        0.0001        0.9981        0.0001        0.9981
    3        0.0001        0.3191        0.0001        0.4976        0.0001        0.7073        0.0001        0.5719        0.0001        0.3085        0.0001        0.9981        0.0001        0.9981        0.0001        0.9981        0.0001        0.4541        0.0001        0.9981        0.0001        0.9981        0.0001        0.9981        0.0001        0.6896        0.0001        0.9981        0.0001        0.9981        0.0001        0.9981        0.0001        0.9981        0.0001        0.9981
    4        0.0001        0.3830        0.0001        0.3085        0.0001        0.5007        0.0001        0.6791        0.0001        0.4991        0.0001        0.3100        0.0001        0.3834        0.0001        0.5457        0.1045        0.8463        0.0001        0.3085        0.0001        0.4263        0.0001        0.7071        0.0001        0.6897        0.0001        0.7457        0.0001        0.6897        0.0001        0.8075        0.0001        0.5441        0.3647        0.7407
    5        0.0001        0.4541        0.0001        0.3100        0.0001        0.3358        0.0001        0.2636        0.0001        0.5097        0.0001        0.9981        0.0001        0.9981        0.0001        0.9981        0.0001        0.9981        0.0001        0.9981        0.0001        0.9981        0.0001        0.9981        0.0001        0.9981        0.0001        0.9981        0.0001        0.3085        0.0001        0.9981        0.0001        0.9981        0.0001        0.9981
    6        0.0001        0.3085        0.0001        0.4264        0.0001        0.4992        0.0001        0.3084        0.0001        0.3813        0.0001        0.8378        0.0001        0.6159        0.0001        0.3363        0.0001        0.3085        0.0001        0.9981        0.0001        0.9981        0.0001        0.4263        0.0001        0.9981        0.0001        0.9981        0.0001        0.4263        0.0001        0.9981        0.0001        0.7388        0.0001        0.6625
    7        0.0001        0.5704        0.0001        0.3983        0.0001        0.2635        0.0001        0.3991        0.0001        0.3819        0.0001        0.9981        0.0001        0.9981        0.0001        0.4991        0.0001        0.4991        0.0001        0.9981        0.0001        0.9981        0.0001        0.9981        0.0001        0.9981        0.0001        0.9981        0.0001        0.6619        0.0001        0.9981        0.0001        0.9981        0.0001        0.9981
    8        0.0001        0.3823        0.0001        0.3813        0.0001        0.4713        0.0001        0.4991        0.0001        0.4991        0.0001        0.5719        0.0001        0.8075        0.1563        0.6405        0.0296        0.5170        0.1643        0.6104        0.0001        0.7610        0.0001        0.7630        0.0001        0.8090        0.0001        0.5456        0.0001        0.8075        0.0065        0.3865        0.0001        0.5097        0.1290        0.6820
    9        0.0084        0.6659        0.0001        0.6897        0.0001        0.6168        0.0001        0.3363        0.0001        0.3813        0.0001        0.4263        0.0001        0.5997        0.0267        0.8392        0.1561        0.6601        0.0001        0.2703        0.0001        0.6598        0.0001        0.8075        0.1881        0.7575        0.0001        0.6623        0.0001        0.7625        0.0087        0.7374        0.0173        0.7035        0.0001        0.7227
   10        0.0648        0.5097        0.0001        0.3813        0.0001        0.4238        0.0001        0.4991        0.0001        0.4298        0.0001        0.4990        0.0001        0.4713        0.0001        0.5785        0.0001        0.3838        0.0001        0.3086        0.0001        0.8075        0.0119        0.4855        0.0001        0.3176        0.0001        0.4985        0.0001        0.6907        0.0001        0.3087        0.0001        0.4713        0.3546        0.8010
   11        0.0551        0.5488        0.0001        0.4990        0.0001        0.3200        0.0001        0.4263        0.0001        0.4985        0.0001        0.2797        0.0001        0.3091        0.0489        0.6136        0.0281        0.5606        0.0001        0.4712        0.0001        0.6179        0.0001        0.4023        0.1964        0.7927        0.0001        0.6619        0.0001        0.6897        0.0001        0.8071        0.0001        0.6211        0.0519        0.8065
   12        0.0001        0.2913        0.0001        0.3813        0.0001        0.3975        0.0001        0.4542        0.0001        0.4304        0.0001        0.4991        0.0001        0.3075        0.0001        0.3985        0.0159        0.2724        0.0001        0.4091        0.0001        0.6897        0.0697        0.7997        0.0001        0.7388        0.0001        0.5123        0.0001        0.4708        0.0001        0.6897        0.0001        0.7731        0.0001        0.6963
   13        0.0075        0.7766        0.0001        0.5719        0.0001        0.3086        0.0001        0.3084        0.0001        0.3191        0.0001        0.3100        0.0001        0.5035        0.0001        0.4991        0.0001        0.4713        0.0001        0.3363        0.0001        0.7175        0.0001        0.6897        0.1486        0.5463        0.0001        0.3879        0.0001        0.5229        0.0036        0.6954        0.0001        0.8009        0.0001        0.6169
   14        0.0001        0.3257        0.0001        0.4885        0.0001        0.3991        0.0001        0.3813        0.0001        0.4991        0.0001        0.9981        0.0001        0.9981        0.0001        0.9981        0.0001        0.9981        0.0001        0.9981        0.0001        0.9981        0.0001        0.9981        0.0001        0.9981        0.0001        0.9981        0.0001        0.9981        0.0001        0.9981        0.0001        0.9981        0.0001        0.9981
   15        0.0001        0.3813        0.0001        0.5441        0.0001        0.5744        0.0001        0.4885        0.0001        0.3536        0.0001        0.9981        0.0001        0.9981        0.0001        0.9981        0.0001        0.9981        0.0001        0.9981        0.0001        0.9981        0.0001        0.9981        0.0001        0.9981        0.0001        0.9981        0.0001        0.9981        0.0001        0.9981        0.0001        0.9981        0.0001        0.9981
   16        0.0001        0.3808        0.0001        0.4991        0.0001        0.3985        0.0001        0.4263        0.0001        0.4541        0.0001        0.9981        0.0001        0.9981        0.0001        0.3085        0.0001        0.3363        0.0001        0.9981        0.0001        0.9981        0.0001        0.9981        0.0001        0.2741        0.0001        0.9981        0.0001        0.9981        0.0001        0.9981        0.0001        0.9981        0.0001        0.9981
   17        0.0001        0.4304        0.0001        0.4991        0.0001        0.3085        0.0001        0.4607        0.0001        0.3085        0.0001        0.4991        0.0001        0.2701        0.0001        0.4991        0.0335        0.6258        0.0001        0.3983        0.0001        0.6897        0.0001        0.4714        0.0001        0.7109        0.0001        0.4997        0.0001        0.5613        0.0001        0.6159        0.1235        0.9518        0.0001        0.3110
   18        0.0001        0.3085        0.0001        0.8415        0.0001        0.2635        0.0001        0.8803        0.0001        0.5717        0.0001        0.3251        0.0018        0.8809        0.0001        0.2807        0.0260        0.4126        0.0001        0.7282        0.0001        0.4985        0.0065        0.6521        0.0001        0.7141        0.0001        0.8521        0.0001        0.4380        0.0001        0.6897        0.0001        0.3085        0.1583        0.9021
